0.29713969
0.27437403
0.20506259
0.28834281
0.22950315
0.36845126
0.24917665
0.26615475
0.28427096
0.41080979
0.28529084
0.44473125
0.26752147
0.27200128
0.31253429
0.23399997
0.25063998
0.31996212
0.68059519
0.42984017
0.21410813
0.24366197
0.43552181
0.27350180
0.23792507
0.46461301
0.24120051
0.24009831
0.38846109
0.24967316
0.27446839
0.21227367
0.37359153
0.30725778
0.22831911
0.45506874
0.42184205
0.19396727
0.24299772
0.71636746
0.17308189
0.30169602
0.24361984
0.35810197
0.42154872
0.26685567
0.70979470
0.27909514
0.32550472
0.68320560
0.29350681
0.23812495
0.39331634
0.26135043
0.26906396
0.23800315
0.29365766
0.21024001
0.25654192
0.21317924
0.59683850
0.32431570
0.24703349
0.19339422
0.26010846
0.15592890
0.32716462
0.42633233
0.26115631
0.31634713
0.72609766
0.33658371
0.18892783
0.20618359
0.29722752
0.21449186
0.42652077
0.41480325
0.27431004
0.26010097
0.20235994
0.53247895
0.23581420
0.25813080
0.33057596
0.43019139
0.34646849
0.21182722
0.20052021
0.21086392
0.20740065
0.22343604
0.18959712
0.37530656
0.34396018
0.23999271
0.21592725
0.21942394
0.21106153
0.35547662
