0.32108353
0.24283354
0.17735866
0.25729181
0.22874876
0.36833436
0.23997038
0.26612894
0.26673952
0.47044935
0.28505616
0.24228702
0.25548476
0.27176707
0.31256628
0.27097300
0.25135743
0.31997137
0.68110948
0.24722613
0.20754113
0.20530995
0.26430637
0.28329250
0.18265982
0.46522375
0.18031404
0.24032362
0.38767678
0.22704553
0.23137499
0.20043506
0.36825001
0.29603435
0.25609459
0.45396504
0.43810422
0.19397126
0.24310216
0.71742344
0.17301130
0.30152023
0.27232381
0.24053713
0.42239209
0.23341587
0.66499697
0.28691536
0.32519917
0.68275199
0.29409301
0.23694041
0.39363495
0.32964500
0.26893578
0.27405822
0.29370325
0.21039421
0.45187713
0.21770919
0.59617743
0.32418935
0.21417095
0.19339324
0.26015088
0.22776969
0.31303522
0.26520984
0.26065087
0.30037160
0.72569424
0.40619836
0.26712436
0.20639196
0.47200206
0.21460682
0.29930149
0.41437386
0.27427167
0.26002023
0.20233949
0.53257959
0.23575430
0.27045254
0.22616405
0.43181503
0.34515481
0.23304768
0.43807028
0.22337333
0.23894525
0.22352441
0.15687523
0.37514862
0.17588966
0.23992949
0.21605487
0.21950565
0.47136987
0.37059993
